1, [  3   0   5   4   6   9  13  26  81  67  19  48  94  32  42  59  84  21
 101  97  88  99  78  27 137 121  69  25  52 129  85  56 107 131 149 105
  43  46 117  71 103  79  31  57  91  36  73  87  49 116 152 106  17  96
  22 122 130  35 125 146 110 113  28 160 158 118  62 145  86 109 119  51
 136  90 156  63 163 114  15 127  93 157 150 165 154 138 171 162 170 169
 161 159  39 141 168 164  58 167 153 151 147 166 124  98 144 135 155 148
  55 143  30 120 142  75  77  38  68 112 140 134  92 123  45 104 111  40
  20 102 115  72 100 139  33  44  70  47  23  65  82  76  61  53 108 133
 128 126 132  80   1  95  37  34  66  41  24  64  60  89  74  83  12  50
  29  10  54  16  18   2  14  11   7   8]
2, [  0   1  32  16  72  76  83  33 113  82  45  81 110  85  31  62  24  43
  30  47  66  46 143   9  28   5  92  14 138  93 155  20 108  64  48  13
 126  17 133 146  86  49  89 115  54  97  36 134  71 102  29 131 130  98
  63 101 148   6 119 142 144 136  95  73 129 124  58  84 121  40 163 157
  96  59 152  79 106  65  55 137 140 169 111 159 132  41 168 114  51 158
 171 170 120  68 156 109  77 123 162  87 160 161  90 164  37  67  42 149
  57 100 145 135 125  50  78 167 166  74 118  18  21  19 141  39 105 107
 104 151  56  69 165 112  35 117  70 128  75  15  99 153   7 150 122  60
  91  94 154 139 147  53  44  88  23  25 127  11 116 103  61  52  38  80
  22  34  27   4  10  26  12   8   3   2]
3, [  2   1   0  19  57  29   3   9  22   4 134  11  47  61  39  20  31  46
  56  14  94 150  52  72  21 148 147 145   6  93 102  10 120  51  45 161
 117 114 136 107 104  95  64 155  62  26  87  35  44 141 160 154 115 103
  28 121  15 105 112 119 157  66  91 124  59  42 135  68 132  27  90 151
   7 116 139  77 101  71  97  60  78 164 159 162 129  73  49  30 123 100
 167  75 110  54 168 131  79 170 169 143 171 163 165 118 156  88 166  32
 128 144  24  70 127  80  96 125 142 106 138 158  69  89 122  74  99 146
  18  36 149 133  86 137 126  76 140 153 113  25 109 130  65  82  83  48
  85 108  81  53  67 152 111  41  63  92  38  33  37  50  16  98  55  34
  84  23  58  13  40  43  17   8  12   5]
4, [  0   3   7  16  11  25   2  64  86  13  66  23 107  35  50  71 140  27
 148  83  67  45 134  40  46  28  24 149  54 102  55 118  93 122  87  95
  97 159 116 156  60  81  89  30 132 131  74  75  94  96 164 146 130 121
 108 143 147 163 117  26 128 125  52 167 133 157 115 152  41  56 158  38
  62 155 113  59  53  98 165 169 162  51 170  31 171 114 168 100  42 126
 160 145  61 166  73  17 135 105  68 141 112  85 127  69 161 138 136  84
 106  14  80  21 150  70 153 154  90 137 139  78  20  92   6  63 109  91
 129 151 123  36  57  34 104  47 142  19 119   8  22  99  65 120 111  72
  58  18  88 101  32 110  15  79  44 144  48  29 103  49  37  77  76  43
  39   5  82 124  33  10   9   4  12   1]
5, [  0   1   3   8  12  10  19  41  15  53  18  88 103  58  52 112  37 127
  23  27  90  65  79  55  57 109  42 128  29 116  61  48  80 121  28 139
 111  92 150 147  77 154 126 100 144 125 165  38  82  67 108  36 153 132
 110  87  74 101  60 104 102  33 140 123 141  49  30  69  66  39  51   9
  68 142  46  25  47 122  71 145  26 160 151  20 134  81 162 166 171 170
 159  17 152 120 135 167 168 164 149 124  34 106 118  13 136 107 161  54
 131 158 133  97 146  94  83  89  62  22  24  84 119  35  73 105  70  99
 169 129  72 163  85 148 117 143 156  31 130  91 157  95  56  21 138  98
 137  40  96  44 155  93   7  16 113  78 114  64  50 115  86  59  43  75
  63  76  14  11  45   4  32   5   6   2]
6, [  6   8   0  10   1   7  11  18  17   9  21 169  22  28  23  24  30  27
  12  71  20  25  91 124 118  96  59 137  68 122 125 129 155  51 153 154
 117  99  75  66  90  52 121  37 108  34 138  57  84  79 107  46  89  63
  45 100 168  67 147  42 115  94 159 150 134  64 102 127 132  58 139 114
 165 146  73 135 111 156  29 105 119  70 101 126 170 171 164 130  87  78
  54 141 152  93  77  36 161 158 167  53  44  39 103 166  88  69  61  40
 160  49 104  35 145 163  80  83 133 151 106 123  81  65  50 149 116 144
  47  56 157  98  74  72 162 136  76  86  48 128 143  85  43 140  16 142
  97 109  62 148  60 131  41  95  32  55  82  38  26 110  19 112 120 113
  92  31  14  33   5  15   3   2  13   4]
7, [  0   2  12  39  76  49  98  77  85 102  84  91  48  18  44  78 124  29
  10  54  20  32  93   5  88  68  90  35  26  70  15   6  38 143  95 116
 140  61  82 118  16 139   9 129 115  42  11 146 155 111  19  37 127 103
 142  80 137  30 163  65 130 101 138  51 120  69  33 134 150 161 117 165
  63 122 148  92 164  53  13 136 123 128  74 166 162 152  89 169 168 170
 171  21  55 159 160 167 106 113 141  36  58 149 151  47 145 154 107  34
  28  22 144 157 156  87  62  31  73 110  45  56  60  97  72  79 114  99
 153 135  59  86  57 131  67 100 133 147  17  75 121 125 126  41 132  81
 104  46 105 119  43  52 112  71 109 158  40 108  14  64  27  50  66  83
  96  94  24   8  23   3   7  25   4   1]
8, [  5  11   0   9  12   1  15   7  13   8  21  17  63  78  34  23  19  26
  50  62  25  58  65 149 107  52  64  49  29 145  71  60  70  57 122  76
  89  22 142  27  82  51  43  84  96 147 144 105  86 155  99  88  37 135
  20 104  39 102 131 123 153 120  40  68  46 116  67 146 163 138 152 156
 111  47  28 115 158 110 165  56 118 128 132 113 169 170 171 168 154 166
 124  95 148 167 126 162  69 119 106  79  59  73 160  75  54  41  38 136
  87 133  45  94 130 125  85 143 164  83  18  98 159   2  80 127 141 137
  93 109 101  74 114 151 150 129 157  92  44 139 121 134  90 112  53 100
 117 108  36  77  66  24  97  55  33  48 161  16  42  35  61  81  30  31
 140  91  32 103  72  10   4   6  14   3]
9, [  0   4   8  14  75  21  23  34  25  26  31  10  63  50 119 135  94  78
  99  59  30  33  80  44 114 154 104 158  47 151  17  74  24  45  43 133
  66 103  96  20 137  83 153  11  69  73 123   7 105  56 112   2  51 125
  22  71  38 157 109 129  64  72 139 138 120 166   6 136  39  27  79 163
   9  82 113  91 144  61 141  70 126 156 161  40 124  42 168 111 162 171
 170 131 147 167 169  98 115 106 145 152 159  76 160 130 155 132  95 150
  77  86 142 164 117 143 108  62 127  65  58  57  89  97 146 110  12 149
 116  55  35 100 101  13  84  60 122  67  68  93  90 118  41 165  85 148
 140  32 128  81 134  16  88  92  52 107  37 121  15  28  36  54  19  29
  48  87   5  49  46  53 102  18   3   1]
10, [  0   5   8   2  36  43  14  37  40  32  17  44  57  41  67  52 120   7
  73  94  86  60 107  75 108 114  63 102 105  90 104  59 143 123  92 118
 128   3  56 148  58 112  23  12 153 117  96 140  51 130  22  55 152  68
 134 137  27 156  10  46 141 145  97  48  31  79  65  50  83 161 109 164
 158 165 157 149 159 169 131 167 162 171 170 168 101 144  16  64 160 116
  82 139 163  66  18  72  81  74 166  95 150  85 142 106 138 100  91 121
 111  53  99 122 147 127  80 124 136  76  88  93  35  24 129 110 154  87
 115 151  62 132  89  78 155 135  84  54 126  61  38 125 119  69 146  45
  98  71  77  34 113  13  70  39  33  49  30   1  47 103   9   6 133  21
  42  29   4  15  25  20  28  26  19  11]
